100
6 0000401
6 1122001
5 120111
6 4040501
6 1111111
4 00101
6 9000001
1 31
4 72041
2 669
6 5377389
6 5000001
6 4057061
6 0050001
6 9570003
6 5000061
6 9000004
6 0021122
6 0000471
5 214051
6 0200001
6 0000008
5 110011
0 1
6 7142474
6 0000001
1 09
6 6277819
2 955
6 2221221
6 6708578
2 031
6 0000041
0 7
6 0102001
5 010021
6 1920901
6 0000008
6 2685006
6 8272799
6 2389539
6 8000001
5 111111
6 4000337
6 1122011
6 0816046
2 211
1 01
1 01
6 0004021
2 202
6 7708182
6 0004771
5 000089
3 2101
0 1
6 0008021
5 380001
6 3035001
6 3700001
4 11111
4 61676
0 1
1 12
6 7699631
4 70901
6 2222201
5 000001
6 0000009
4 00001
0 1
6 9000002
6 0110001
6 1211122
0 8
6 8483557
6 0040001
6 0200601
5 500001
6 0000091
2 001
6 7376164
2 102
6 5796803
6 0011701
2 813
4 09001
2 401
6 7020801
6 2112001
6 0070001
3 1221
6 1112011
6 1101121
4 30076
2 704
2 701
5 000001
6 8402591
6 9999999
