100
6 0060001
2 005
6 0554158
6 2013006
6 1500091
4 00006
2 801
6 9001001
6 0807001
2 668
6 5383906
6 1120021
5 110011
6 7050001
6 1408001
6 0000001
6 5821777
6 1293429
6 8070001
6 0009021
6 2200201
5 060913
6 8000007
5 461001
1 31
4 20031
1 81
3 1201
6 7900001
6 0010007
5 222222
1 71
5 292101
5 600001
6 0000001
6 1221202
4 12111
6 6503438
0 1
5 006001
6 1111111
6 0030001
6 4106661
6 1122101
6 9999999
6 0102001
0 1
6 3071821
6 0000001
6 6313677
6 0400801
6 2020545
4 00001
4 00081
1 09
3 7712
4 00021
3 4001
6 2757442
6 1300336
6 3051133
1 06
2 111
4 71037
6 0200201
4 11111
2 211
6 6800088
6 0000001
6 0070001
6 0040031
3 2021
6 3000081
3 0011
0 1
3 0051
6 2200001
6 5040001
1 99
3 8097
6 2012121
4 08001
6 0200006
6 0112012
6 2012121
6 1112111
6 0200831
6 9000391
5 008801
6 2100211
6 2210101
6 0000905
6 0200008
0 1
1 71
4 00061
3 8843
1 01
0 6
6 3240425
